104
0,7,1
0,4,2
0,32,0
16,9,4
16,35,5
16,0,3
1,13,7
1,10,8
1,2,6
17,15,10
17,5,11
17,6,9
2,19,13
2,16,14
2,8,12
18,21,16
18,11,17
18,12,15
3,25,19
3,22,20
3,101,100
19,103,102
19,17,23
19,18,21
4,31,25
4,28,26
4,20,24
20,33,28
20,23,29
20,24,27
5,1,31
5,34,32
5,97,96
21,99,98
21,29,35
21,30,33
6,43,37
6,40,38
6,96,97
22,98,99
22,77,41
22,36,39
7,49,43
7,46,44
7,38,42
23,51,46
23,41,47
23,42,45
8,55,49
8,52,50
8,44,48
24,57,52
24,47,53
24,48,51
9,61,55
9,58,56
9,50,54
25,63,58
25,53,59
25,54,57
10,67,61
10,64,62
10,56,60
26,69,64
26,59,65
26,60,63
11,73,67
11,70,68
11,62,66
27,75,70
27,65,71
27,66,69
12,37,73
12,76,74
12,68,72
28,39,76
28,71,77
28,72,75
13,85,79
13,82,80
13,100,101
29,102,103
29,95,83
29,78,81
14,91,85
14,88,86
14,80,84
30,93,88
30,83,89
30,84,87
15,79,91
15,94,92
15,86,90
31,81,94
31,89,95
31,90,93
5,26,30
6,74,36
21,3,34
22,45,40
3,14,18
13,92,78
19,27,22
29,87,82
