32
-156.3732,155.72678,0.0
-116.75557,79.81372,0.0
-9.690247,70.013306,0.0
26.523193,119.45535,0.0
-62.97284,172.92978,0.0
-97.34656,99.54889,0.0
-106.65344,138.45111,0.0
-80.53407,208.33908,0.0
90.88425,216.15277,0.0
63.89392,115.0665,0.0
7.6902466,33.986694,0.0
-141.24443,48.18628,0.0
-179.6268,188.27322,0.0
39.24521,142.8248,0.0
59.115753,191.8472,0.0
-49.506042,187.52948,0.0
-156.3732,155.72678,120.0
-116.75557,79.81372,120.0
-9.690247,70.013306,120.0
26.523193,119.45535,120.0
-62.97284,172.92978,120.0
-97.34656,99.54889,120.0
-106.65344,138.45111,120.0
-80.53407,208.33908,120.0
90.88425,216.15277,120.0
63.89392,115.0665,120.0
7.6902466,33.986694,120.0
-141.24443,48.18628,120.0
-179.6268,188.27322,120.0
39.24521,142.8248,120.0
59.115753,191.8472,120.0
-49.506042,187.52948,120.0
